$ 1 0.000005 0.17188692582893286 50 5 43 5e-11
185 304 -2048 320 -2048 0 4
413 -672 -208 -656 -208 0 12 16 0 0 -1 -2
w 384 -176 144 -176 0
w 368 -144 144 -144 0
w 336 -80 144 -80 0
w 352 -112 144 -112 0
168 48 -176 112 -176 2 16 0 0 0 0 0 0 0 0 0 0 0 0 0 0 0 0
w 32 336 32 -1344 0
w -672 -208 -672 -1376 0
. AND\s\p\sOR\s(12\sbit) 0 2 26 38 enable\sA 2 0 0 enable\sB 5 1 0 IA0 33 12 2 IA1 42 11 2 IA10 13 2 2 IA11 22 1 2 IA2 32 10 2 IA3 23 9 2 IA4 52 8 2 IA5 43 7 2 IA6 53 6 2 IA7 62 5 2 IA8 12 4 2 IA9 1 3 2 IB0 35 25 3 IB1 41 24 3 IB10 15 15 3 IB11 21 14 3 IB2 31 23 3 IB3 25 22 3 IB4 51 21 3 IB5 45 20 3 IB6 55 19 3 IB7 61 18 3 IB8 11 17 3 IB9 4 16 3 O0 37 12 3 O1 40 11 3 O10 17 2 3 O11 20 1 3 O2 30 10 3 O3 27 9 3 O4 50 8 3 O5 47 7 3 O6 57 6 3 O7 60 5 3 O8 10 4 3 O9 7 3 3 AndGateElm\s1\s2\s3\rAndGateElm\s4\s5\s6\rOrGateElm\s6\s3\s7\rOrGateElm\s8\s9\s10\rAndGateElm\s11\s5\s8\rAndGateElm\s12\s2\s9\rAndGateElm\s13\s2\s14\rAndGateElm\s15\s5\s16\rOrGateElm\s16\s14\s17\rOrGateElm\s18\s19\s20\rAndGateElm\s21\s5\s18\rAndGateElm\s22\s2\s19\rAndGateElm\s23\s2\s24\rAndGateElm\s25\s5\s26\rOrGateElm\s26\s24\s27\rOrGateElm\s28\s29\s30\rAndGateElm\s31\s5\s28\rAndGateElm\s32\s2\s29\rAndGateElm\s33\s2\s34\rAndGateElm\s35\s5\s36\rOrGateElm\s36\s34\s37\rOrGateElm\s38\s39\s40\rAndGateElm\s41\s5\s38\rAndGateElm\s42\s2\s39\rAndGateElm\s43\s2\s44\rAndGateElm\s45\s5\s46\rOrGateElm\s46\s44\s47\rOrGateElm\s48\s49\s50\rAndGateElm\s51\s5\s48\rAndGateElm\s52\s2\s49\rAndGateElm\s53\s2\s54\rAndGateElm\s55\s5\s56\rOrGateElm\s56\s54\s57\rOrGateElm\s58\s59\s60\rAndGateElm\s61\s5\s58\rAndGateElm\s62\s2\s59 0\\s2\\s0\\s5\s0\\s2\\s0\\s5\s0\\s2\\s0\\s5\s0\\s2\\s0\\s5\s0\\s2\\s0\\s5\s0\\s2\\s0\\s5\s0\\s2\\s0\\s5\s0\\s2\\s0\\s5\s0\\s2\\s0\\s5\s0\\s2\\s0\\s5\s0\\s2\\s0\\s5\s0\\s2\\s0\\s5\s0\\s2\\s0\\s5\s0\\s2\\s0\\s5\s0\\s2\\s0\\s5\s0\\s2\\s0\\s5\s0\\s2\\s0\\s5\s0\\s2\\s0\\s5\s0\\s2\\s0\\s5\s0\\s2\\s0\\s5\s0\\s2\\s0\\s5\s0\\s2\\s0\\s5\s0\\s2\\s0\\s5\s0\\s2\\s0\\s5\s0\\s2\\s0\\s5\s0\\s2\\s0\\s5\s0\\s2\\s0\\s5\s0\\s2\\s0\\s5\s0\\s2\\s0\\s5\s0\\s2\\s0\\s5\s0\\s2\\s0\\s5\s0\\s2\\s0\\s5\s0\\s2\\s0\\s5\s0\\s2\\s0\\s5\s0\\s2\\s0\\s5\s0\\s2\\s0\\s5
410 -848 -80 -800 -64 1 AND\s\p\sOR\s(12\sbit) 0\s2\s0\s5 0\s2\s0\s5 0\s2\s0\s5 0\s2\s0\s5 0\s2\s0\s5 0\s2\s0\s5 0\s2\s0\s5 0\s2\s0\s5 0\s2\s0\s5 0\s2\s0\s5 0\s2\s0\s5 0\s2\s0\s5 0\s2\s0\s5 0\s2\s0\s5 0\s2\s0\s5 0\s2\s0\s5 0\s2\s0\s5 0\s2\s0\s5 0\s2\s0\s5 0\s2\s0\s5 0\s2\s0\s5 0\s2\s0\s5 0\s2\s0\s5 0\s2\s0\s5 0\s2\s0\s5 0\s2\s0\s5 0\s2\s0\s5 0\s2\s0\s5 0\s2\s0\s5 0\s2\s0\s5 0\s2\s0\s5 0\s2\s0\s5 0\s2\s0\s5 0\s2\s0\s5 0\s2\s0\s5 0\s2\s0\s5
w 48 336 32 336 0
w -752 720 -752 1056 0
w -752 688 -736 688 0
w -752 656 -720 656 0
w -752 624 -704 624 0
w -752 592 -688 592 0
w -752 560 -672 560 0
w -752 528 -656 528 0
w -752 496 -640 496 0
w -752 464 -624 464 0
w -752 432 -608 432 0
w -752 400 -592 400 0
w -752 368 -576 368 0
w -576 368 -576 880 0
w -576 880 -448 880 0
w -592 400 -592 896 0
w -608 432 -608 912 0
w -624 464 -624 928 0
w -640 496 -640 944 0
w -656 528 -656 960 0
w -672 560 -672 976 0
w -688 592 -688 992 0
w -704 624 -704 1008 0
w -720 656 -720 1024 0
w -736 688 -736 1040 0
w 144 -48 320 -48 0
w 320 -48 320 880 0
w 144 304 144 1056 0
w -752 1056 -624 1056 0
w -736 1040 -608 1040 0
w -720 1024 -592 1024 0
w -704 1008 -576 1008 0
w -688 992 -560 992 0
w -672 976 -544 976 0
w -656 960 -528 960 0
w -640 944 -512 944 0
w -624 928 -496 928 0
w -608 912 -480 912 0
w -592 896 -464 896 0
w 144 -16 304 -16 0
w 144 16 288 16 0
w 144 48 272 48 0
w 144 80 256 80 0
w 144 112 240 112 0
w 144 144 224 144 0
w 144 176 208 176 0
w 144 208 192 208 0
w 144 240 176 240 0
w 144 272 160 272 0
w 160 272 160 1040 0
w 176 1024 176 240 0
w 192 1008 192 208 0
w 208 176 208 992 0
w 224 976 224 144 0
w 240 112 240 960 0
w 256 944 256 80 0
w 272 48 272 928 0
w 288 912 288 16 0
w 304 -16 304 896 0
w -784 -112 -784 -1392 0
w -816 -112 -816 -1408 0
w 304 -2048 -1248 -2048 0
L -1248 -2048 -1296 -2048 0 1 false 5 0
w -752 -48 -672 -48 0
w -672 -16 -752 -16 0
w -752 16 -672 16 0
w -672 48 -752 48 0
w -672 176 -752 176 0
w -752 144 -672 144 0
w -672 112 -752 112 0
w -752 80 -672 80 0
w -672 304 -752 304 0
w -752 272 -672 272 0
w -672 240 -752 240 0
w -752 208 -672 208 0
w -480 816 -464 816 0
w -480 784 -448 784 0
w -480 752 -432 752 0
w -480 720 -416 720 0
w -480 688 -400 688 0
w -480 656 -384 656 0
w -480 624 -368 624 0
w -480 592 -352 592 0
w -480 560 -336 560 0
w -480 528 -320 528 0
w -480 496 -304 496 0
w -480 464 -288 464 0
w -480 432 -272 432 0
w -480 400 -256 400 0
w -480 368 -240 368 0
w -464 816 -464 848 0
w -448 784 -448 832 0
w -432 752 -432 816 0
w -416 720 -416 800 0
w -400 688 -400 784 0
w -384 656 -384 768 0
w -368 624 -368 752 0
w -352 592 -352 736 0
w -336 560 -336 720 0
w -320 528 -320 704 0
w -304 496 -304 688 0
w -288 464 -288 672 0
w -272 432 -272 656 0
w -256 400 -256 640 0
w -240 368 -240 624 0
w -480 304 -224 304 0
w -224 304 -224 608 0
w -480 272 -208 272 0
w -480 240 -192 240 0
w -480 208 -176 208 0
w -480 176 -160 176 0
w -480 144 -144 144 0
w -480 112 -128 112 0
w -480 80 -112 80 0
w -480 48 -96 48 0
w -480 16 -80 16 0
w -480 -16 -64 -16 0
w -480 -48 -48 -48 0
w -480 -80 -32 -80 0
w -480 -112 -16 -112 0
w -480 -144 0 -144 0
w -480 -176 16 -176 0
w 16 -176 16 368 0
w 0 -144 0 384 0
w -16 -112 -16 400 0
w -32 -80 -32 416 0
w -48 -48 -48 432 0
w -64 -16 -64 448 0
w -80 16 -80 464 0
w -96 48 -96 480 0
w -112 80 -112 496 0
w -128 112 -128 512 0
w -144 144 -144 528 0
w -160 176 -160 544 0
w -176 208 -176 560 0
w -192 240 -192 576 0
w -208 272 -208 592 0
w -480 848 -480 864 0
w -224 304 48 304 0
w 48 272 -208 272 0
w -192 240 48 240 0
w 48 208 -176 208 0
w -160 176 48 176 0
w 48 144 -144 144 0
w -128 112 48 112 0
w 48 80 -112 80 0
w -96 48 48 48 0
w 48 16 -80 16 0
w -64 -16 48 -16 0
w 48 -48 -48 -48 0
w -32 -80 48 -80 0
w 48 -112 -16 -112 0
w 0 -144 48 -144 0
w 48 -176 16 -176 0
168 528 -688 560 -688 2 16 0 0 0 0 0 0 0 0 0 0 0 0 0 0 0 0
w 16 368 512 368 0
. AND\s\p\sOR 0 2 34 50 enable\sA 2 0 0 enable\sB 5 1 0 IA0 52 16 2 IA1 61 15 2 IA10 32 6 2 IA11 41 5 2 IA12 12 4 2 IA13 21 3 2 IA14 11 2 2 IA15 1 1 2 IA2 51 14 2 IA3 42 13 2 IA4 71 12 2 IA5 62 11 2 IA6 72 10 2 IA7 81 9 2 IA8 31 8 2 IA9 22 7 2 IB0 54 33 3 IB1 60 32 3 IB10 34 23 3 IB11 40 22 3 IB12 14 21 3 IB13 20 20 3 IB14 10 19 3 IB15 4 18 3 IB2 50 31 3 IB3 44 30 3 IB4 70 29 3 IB5 64 28 3 IB6 74 27 3 IB7 80 26 3 IB8 30 25 3 IB9 24 24 3 O0 56 16 3 O1 59 15 3 O10 36 6 3 O11 39 5 3 O12 16 4 3 O13 19 3 3 O14 82 2 3 O15 7 1 3 O2 49 14 3 O3 46 13 3 O4 69 12 3 O5 66 11 3 O6 76 10 3 O7 79 9 3 O8 29 8 3 O9 26 7 3 AndGateElm\s1\s2\s3\rAndGateElm\s4\s5\s6\rOrGateElm\s6\s3\s7\rAndGateElm\s10\s5\s8\rAndGateElm\s11\s2\s9\rAndGateElm\s12\s2\s13\rAndGateElm\s14\s5\s15\rOrGateElm\s15\s13\s16\rOrGateElm\s17\s18\s19\rAndGateElm\s20\s5\s17\rAndGateElm\s21\s2\s18\rAndGateElm\s22\s2\s23\rAndGateElm\s24\s5\s25\rOrGateElm\s25\s23\s26\rOrGateElm\s27\s28\s29\rAndGateElm\s30\s5\s27\rAndGateElm\s31\s2\s28\rAndGateElm\s32\s2\s33\rAndGateElm\s34\s5\s35\rOrGateElm\s35\s33\s36\rOrGateElm\s37\s38\s39\rAndGateElm\s40\s5\s37\rAndGateElm\s41\s2\s38\rAndGateElm\s42\s2\s43\rAndGateElm\s44\s5\s45\rOrGateElm\s45\s43\s46\rOrGateElm\s47\s48\s49\rAndGateElm\s50\s5\s47\rAndGateElm\s51\s2\s48\rAndGateElm\s52\s2\s53\rAndGateElm\s54\s5\s55\rOrGateElm\s55\s53\s56\rOrGateElm\s57\s58\s59\rAndGateElm\s60\s5\s57\rAndGateElm\s61\s2\s58\rAndGateElm\s62\s2\s63\rAndGateElm\s64\s5\s65\rOrGateElm\s65\s63\s66\rOrGateElm\s67\s68\s69\rAndGateElm\s70\s5\s67\rAndGateElm\s71\s2\s68\rAndGateElm\s72\s2\s73\rAndGateElm\s74\s5\s75\rOrGateElm\s75\s73\s76\rOrGateElm\s77\s78\s79\rAndGateElm\s80\s5\s77\rAndGateElm\s81\s2\s78\rOrGateElm\s8\s9\s82 0\\s2\\s0\\s5\s0\\s2\\s0\\s5\s0\\s2\\s0\\s5\s0\\s2\\s0\\s5\s0\\s2\\s0\\s5\s0\\s2\\s0\\s5\s0\\s2\\s0\\s5\s0\\s2\\s0\\s5\s0\\s2\\s0\\s5\s0\\s2\\s0\\s5\s0\\s2\\s0\\s5\s0\\s2\\s0\\s5\s0\\s2\\s0\\s5\s0\\s2\\s0\\s5\s0\\s2\\s0\\s5\s0\\s2\\s0\\s5\s0\\s2\\s0\\s5\s0\\s2\\s0\\s5\s0\\s2\\s0\\s5\s0\\s2\\s0\\s5\s0\\s2\\s0\\s5\s0\\s2\\s0\\s5\s0\\s2\\s0\\s5\s0\\s2\\s0\\s5\s0\\s2\\s0\\s5\s0\\s2\\s0\\s5\s0\\s2\\s0\\s5\s0\\s2\\s0\\s5\s0\\s2\\s0\\s5\s0\\s2\\s0\\s5\s0\\s2\\s0\\s5\s0\\s2\\s0\\s5\s0\\s2\\s0\\s5\s0\\s2\\s0\\s5\s0\\s2\\s0\\s5\s0\\s2\\s0\\s5\s0\\s2\\s0\\s5\s0\\s2\\s0\\s5\s0\\s2\\s0\\s5\s0\\s2\\s0\\s5\s0\\s2\\s0\\s5\s0\\s2\\s0\\s5\s0\\s2\\s0\\s5\s0\\s2\\s0\\s5\s0\\s2\\s0\\s5\s0\\s2\\s0\\s5\s0\\s2\\s0\\s5\s0\\s2\\s0\\s5
410 400 -720 448 -672 1 AND\s\p\sOR 0\s2\s0\s5 0\s2\s0\s5 0\s2\s0\s5 0\s2\s0\s5 0\s2\s0\s5 0\s2\s0\s5 0\s2\s0\s5 0\s2\s0\s5 0\s2\s0\s5 0\s2\s0\s5 0\s2\s0\s5 0\s2\s0\s5 0\s2\s0\s5 0\s2\s0\s5 0\s2\s0\s5 0\s2\s0\s5 0\s2\s0\s5 0\s2\s0\s5 0\s2\s0\s5 0\s2\s0\s5 0\s2\s0\s5 0\s2\s0\s5 0\s2\s0\s5 0\s2\s0\s5 0\s2\s0\s5 0\s2\s0\s5 0\s2\s0\s5 0\s2\s0\s5 0\s2\s0\s5 0\s2\s0\s5 0\s2\s0\s5 0\s2\s0\s5 0\s2\s0\s5 0\s2\s0\s5 0\s2\s0\s5 0\s2\s0\s5 0\s2\s0\s5 0\s2\s0\s5 0\s2\s0\s5 0\s2\s0\s5 0\s2\s0\s5 0\s2\s0\s5 0\s2\s0\s5 0\s2\s0\s5 0\s2\s0\s5 0\s2\s0\s5 0\s2\s0\s5 0\s2\s0\s5
w 528 -176 512 -176 0
w 512 -176 512 -1312 0
w 528 -208 496 -208 0
w 496 -240 528 -240 0
w 528 -272 496 -272 0
w 496 -304 528 -304 0
w 528 -336 496 -336 0
w 528 -368 496 -368 0
w 528 -400 496 -400 0
w 528 -432 496 -432 0
w 528 -688 496 -688 0
w 528 -656 496 -656 0
w 528 -624 496 -624 0
w 528 -592 496 -592 0
w 496 -560 528 -560 0
w 528 -528 496 -528 0
w 496 -496 528 -496 0
w 528 -464 496 -464 0
w 1280 -464 1248 -464 0
w 1248 -496 1280 -496 0
w 1280 -528 1248 -528 0
w 1248 -560 1280 -560 0
w 1280 -592 1248 -592 0
w 1280 -624 1248 -624 0
w 1280 -656 1248 -656 0
w 1280 -688 1248 -688 0
w 1280 -432 1248 -432 0
w 1280 -400 1248 -400 0
w 1280 -368 1248 -368 0
w 1280 -336 1248 -336 0
w 1248 -304 1280 -304 0
w 1280 -272 1248 -272 0
w 1248 -240 1280 -240 0
w 1280 -208 1248 -208 0
w 1264 -176 1264 -1280 0
w 1280 -176 1264 -176 0
410 1152 -720 1200 -672 1 AND\s\p\sOR 0\s2\s0\s5 0\s2\s0\s5 0\s2\s0\s5 0\s2\s0\s5 0\s2\s0\s5 0\s2\s0\s5 0\s2\s0\s5 0\s2\s0\s5 0\s2\s0\s5 0\s2\s0\s5 0\s2\s0\s5 0\s2\s0\s5 0\s2\s0\s5 0\s2\s0\s5 0\s2\s0\s5 0\s2\s0\s5 0\s2\s0\s5 0\s2\s0\s5 0\s2\s0\s5 0\s2\s0\s5 0\s2\s0\s5 0\s2\s0\s5 0\s2\s0\s5 0\s2\s0\s5 0\s2\s0\s5 0\s2\s0\s5 0\s2\s0\s5 0\s2\s0\s5 0\s2\s0\s5 0\s2\s0\s5 0\s2\s0\s5 0\s2\s0\s5 0\s2\s0\s5 0\s2\s0\s5 0\s2\s0\s5 0\s2\s0\s5 0\s2\s0\s5 0\s2\s0\s5 0\s2\s0\s5 0\s2\s0\s5 0\s2\s0\s5 0\s2\s0\s5 0\s2\s0\s5 0\s2\s0\s5 0\s2\s0\s5 0\s2\s0\s5 0\s2\s0\s5 0\s2\s0\s5
168 1280 -688 1312 -688 2 16 0 0 0 0 0 0 0 0 0 0 0 0 0 0 0 0
w 144 304 144 -208 0
w 336 -80 336 -592 0
w 352 -112 352 -624 0
w 368 -144 368 -656 0
w 384 -176 384 -688 0
w 432 -1472 432 -1504 0
w 368 -1488 400 -1488 0
w 400 -1488 400 -1504 0
w 352 -1504 368 -1504 0
w 144 -208 400 -208 0
w 160 272 160 -240 0
w 160 -240 400 -240 0
w 176 240 176 -272 0
w 192 208 192 -304 0
w 208 176 208 -336 0
w 224 144 224 -368 0
w 240 112 240 -400 0
w 256 80 256 -432 0
w 272 48 272 -464 0
w 288 16 288 -496 0
w 304 -16 304 -528 0
w 320 -48 320 -560 0
w 336 -592 336 -960 0
w 336 -592 400 -592 0
w 352 -624 352 -976 0
w 352 -624 400 -624 0
w 368 -656 368 -992 0
w 368 -656 400 -656 0
w 384 -688 400 -688 0
w 320 -560 400 -560 0
w 304 -528 400 -528 0
w 288 -496 400 -496 0
w 272 -464 400 -464 0
w 256 -432 400 -432 0
w 240 -400 400 -400 0
w 224 -368 400 -368 0
w 208 -336 400 -336 0
w 192 -304 400 -304 0
w 176 -272 400 -272 0
w 384 -688 384 -1008 0
w 896 -208 1152 -208 0
w 928 -272 1152 -272 0
w 944 -304 1152 -304 0
w 960 -336 1152 -336 0
w 976 -368 1152 -368 0
w 992 -400 1152 -400 0
w 1008 -432 1152 -432 0
w 1024 -464 1152 -464 0
w 1040 -496 1152 -496 0
w 1056 -528 1152 -528 0
w 1072 -560 1152 -560 0
w 1088 -592 1152 -592 0
w 1104 -624 1152 -624 0
w 1120 -656 1152 -656 0
w 1136 -688 1152 -688 0
w 144 -208 144 -768 0
w 160 -240 160 -784 0
w 176 -272 176 -800 0
w 192 -304 192 -816 0
w 208 -336 208 -832 0
w 224 -368 224 -848 0
w 240 -400 240 -864 0
w 256 -432 256 -880 0
w 272 -464 272 -896 0
w 288 -496 288 -912 0
w 304 -528 304 -928 0
w 320 -560 320 -944 0
w 896 -208 896 -768 0
w 912 -240 912 -784 0
w 928 -272 928 -800 0
w 944 -304 944 -816 0
w 960 -336 960 -832 0
w 976 -368 976 -848 0
w 992 -400 992 -864 0
w 1008 -432 1008 -880 0
w 1024 -464 1024 -896 0
w 1040 -496 1040 -912 0
w 1056 -528 1056 -928 0
w 1072 -560 1072 -944 0
w 1088 -592 1088 -960 0
w 1104 -624 1104 -976 0
w 1120 -656 1120 -992 0
w 1136 -688 1136 -1008 0
w 512 368 512 -144 0
w 512 -144 496 -144 0
w 496 -112 528 -112 0
w 496 -80 544 -80 0
w 496 -48 560 -48 0
w 496 -16 576 -16 0
w 496 16 592 16 0
w 496 48 608 48 0
w 496 80 624 80 0
w 496 112 640 112 0
w 496 144 656 144 0
w 496 176 672 176 0
w 496 208 688 208 0
w 496 240 704 240 0
w 496 272 720 272 0
w 496 304 736 304 0
w 496 336 752 336 0
w 0 384 528 384 0
w -16 400 544 400 0
w -32 416 560 416 0
w -48 432 576 432 0
w -64 448 592 448 0
w -80 464 608 464 0
w -96 480 624 480 0
w -112 496 640 496 0
w -128 512 656 512 0
w -144 528 672 528 0
w -160 544 688 544 0
w -176 560 704 560 0
w -192 576 720 576 0
w -208 592 736 592 0
w -224 608 752 608 0
w 752 608 752 336 0
w 736 592 736 304 0
w 720 576 720 272 0
w 704 240 704 560 0
w 688 544 688 208 0
w 672 176 672 528 0
w 656 144 656 512 0
w 640 112 640 496 0
w 624 80 624 480 0
w 608 48 608 464 0
w 592 16 592 448 0
w 576 -16 576 432 0
w 560 -48 560 416 0
w 544 -80 544 400 0
w 528 -112 528 384 0
w 1280 -112 1280 384 0
w 1296 -80 1296 400 0
w 1312 -48 1312 416 0
w 1328 -16 1328 432 0
w 1344 16 1344 448 0
w 1360 48 1360 464 0
w 1376 80 1376 480 0
w 1392 112 1392 496 0
w 1408 144 1408 512 0
w 1424 176 1424 528 0
w 1440 544 1440 208 0
w 1456 240 1456 560 0
w 1472 576 1472 272 0
w 1488 592 1488 304 0
w 1504 608 1504 336 0
w 1248 336 1504 336 0
w 1248 304 1488 304 0
w 1248 272 1472 272 0
w 1248 240 1456 240 0
w 1248 208 1440 208 0
w 1248 176 1424 176 0
w 1248 144 1408 144 0
w 1248 112 1392 112 0
w 1248 80 1376 80 0
w 1248 48 1360 48 0
w 1248 16 1344 16 0
w 1248 -16 1328 -16 0
w 1248 -48 1312 -48 0
w 1248 -80 1296 -80 0
w 1248 -112 1280 -112 0
w 1264 -144 1248 -144 0
w 1264 368 1264 -144 0
w 432 -1472 384 -1472 0
. Bidirectional\s\p\senable 0 2 34 49 B0 87 16 2 B1 99 15 2 B10 45 6 2 B11 57 5 2 B12 29 4 2 B13 17 3 2 B14 15 2 2 B15 3 1 2 B2 101 14 2 B3 113 13 2 B4 85 12 2 B5 73 11 2 B6 71 10 2 B7 59 9 2 B8 31 8 2 B9 43 7 2 enable 1 1 0 I0 88 33 3 I1 93 32 3 I10 46 23 3 I11 51 22 3 I12 23 21 3 I13 18 20 3 I14 9 19 3 I15 4 18 3 I2 102 31 3 I3 107 30 3 I4 79 29 3 I5 74 28 3 I6 65 27 3 I7 60 26 3 I8 32 25 3 I9 37 24 3 O0 86 16 3 O1 97 15 3 O10 44 6 3 O11 55 5 3 O12 27 4 3 O13 16 3 3 O14 13 2 3 O15 2 1 3 O2 100 14 3 O3 111 13 3 O4 83 12 3 O5 72 11 3 O6 69 10 3 O7 58 9 3 O8 30 8 3 O9 41 7 3 AndGateElm\s5\s1\s3\rAndGateElm\s3\s6\s7\rInverterElm\s1\s6\rOrGateElm\s7\s8\s5\rAndGateElm\s1\s4\s8\rAndGateElm\s6\s7\s2\rAndGateElm\s12\s10\s13\rAndGateElm\s1\s9\s11\rOrGateElm\s10\s11\s14\rInverterElm\s1\s12\rAndGateElm\s15\s12\s10\rAndGateElm\s14\s1\s15\rAndGateElm\s19\s1\s17\rAndGateElm\s17\s20\s21\rInverterElm\s1\s20\rOrGateElm\s21\s22\s19\rAndGateElm\s1\s18\s22\rAndGateElm\s20\s21\s16\rAndGateElm\s26\s24\s27\rAndGateElm\s1\s23\s25\rOrGateElm\s24\s25\s28\rInverterElm\s1\s26\rAndGateElm\s29\s26\s24\rAndGateElm\s28\s1\s29\rAndGateElm\s33\s1\s31\rAndGateElm\s31\s34\s35\rInverterElm\s1\s34\rOrGateElm\s35\s36\s33\rAndGateElm\s1\s32\s36\rAndGateElm\s34\s35\s30\rAndGateElm\s40\s38\s41\rAndGateElm\s1\s37\s39\rOrGateElm\s38\s39\s42\rInverterElm\s1\s40\rAndGateElm\s43\s40\s38\rAndGateElm\s42\s1\s43\rAndGateElm\s47\s1\s45\rAndGateElm\s45\s48\s49\rInverterElm\s1\s48\rOrGateElm\s49\s50\s47\rAndGateElm\s1\s46\s50\rAndGateElm\s48\s49\s44\rAndGateElm\s54\s52\s55\rAndGateElm\s1\s51\s53\rOrGateElm\s52\s53\s56\rInverterElm\s1\s54\rAndGateElm\s57\s54\s52\rAndGateElm\s56\s1\s57\rAndGateElm\s61\s1\s59\rAndGateElm\s59\s62\s63\rInverterElm\s1\s62\rOrGateElm\s63\s64\s61\rAndGateElm\s1\s60\s64\rAndGateElm\s62\s63\s58\rAndGateElm\s68\s66\s69\rAndGateElm\s1\s65\s67\rOrGateElm\s66\s67\s70\rInverterElm\s1\s68\rAndGateElm\s71\s68\s66\rAndGateElm\s70\s1\s71\rAndGateElm\s75\s1\s73\rAndGateElm\s73\s76\s77\rInverterElm\s1\s76\rOrGateElm\s77\s78\s75\rAndGateElm\s1\s74\s78\rAndGateElm\s76\s77\s72\rAndGateElm\s82\s80\s83\rAndGateElm\s1\s79\s81\rOrGateElm\s80\s81\s84\rInverterElm\s1\s82\rAndGateElm\s85\s82\s80\rAndGateElm\s84\s1\s85\rAndGateElm\s89\s1\s87\rAndGateElm\s87\s90\s91\rInverterElm\s1\s90\rOrGateElm\s91\s92\s89\rAndGateElm\s1\s88\s92\rAndGateElm\s90\s91\s86\rAndGateElm\s96\s94\s97\rAndGateElm\s1\s93\s95\rOrGateElm\s94\s95\s98\rInverterElm\s1\s96\rAndGateElm\s99\s96\s94\rAndGateElm\s98\s1\s99\rAndGateElm\s103\s1\s101\rAndGateElm\s101\s104\s105\rInverterElm\s1\s104\rOrGateElm\s105\s106\s103\rAndGateElm\s1\s102\s106\rAndGateElm\s104\s105\s100\rAndGateElm\s110\s108\s111\rAndGateElm\s1\s107\s109\rOrGateElm\s108\s109\s112\rInverterElm\s1\s110\rAndGateElm\s113\s110\s108\rAndGateElm\s112\s1\s113 0\\s2\\s0\\s5\s0\\s2\\s0\\s5\s0\\s0.5\\s5\s0\\s2\\s0\\s5\s0\\s2\\s0\\s5\s0\\s2\\s0\\s5\s0\\s2\\s0\\s5\s0\\s2\\s0\\s5\s0\\s2\\s0\\s5\s0\\s0.5\\s5\s0\\s2\\s0\\s5\s0\\s2\\s0\\s5\s0\\s2\\s0\\s5\s0\\s2\\s0\\s5\s0\\s0.5\\s5\s0\\s2\\s0\\s5\s0\\s2\\s0\\s5\s0\\s2\\s0\\s5\s0\\s2\\s0\\s5\s0\\s2\\s0\\s5\s0\\s2\\s0\\s5\s0\\s0.5\\s5\s0\\s2\\s0\\s5\s0\\s2\\s0\\s5\s0\\s2\\s0\\s5\s0\\s2\\s0\\s5\s0\\s0.5\\s5\s0\\s2\\s0\\s5\s0\\s2\\s0\\s5\s0\\s2\\s0\\s5\s0\\s2\\s0\\s5\s0\\s2\\s0\\s5\s0\\s2\\s0\\s5\s0\\s0.5\\s5\s0\\s2\\s0\\s5\s0\\s2\\s0\\s5\s0\\s2\\s0\\s5\s0\\s2\\s0\\s5\s0\\s0.5\\s5\s0\\s2\\s0\\s5\s0\\s2\\s0\\s5\s0\\s2\\s0\\s5\s0\\s2\\s0\\s5\s0\\s2\\s0\\s5\s0\\s2\\s0\\s5\s0\\s0.5\\s5\s0\\s2\\s0\\s5\s0\\s2\\s0\\s5\s0\\s2\\s0\\s5\s0\\s2\\s0\\s5\s0\\s0.5\\s5\s0\\s2\\s0\\s5\s0\\s2\\s0\\s5\s0\\s2\\s0\\s5\s0\\s2\\s0\\s5\s0\\s2\\s0\\s5\s0\\s2\\s0\\s5\s0\\s0.5\\s5\s0\\s2\\s0\\s5\s0\\s2\\s0\\s5\s0\\s2\\s0\\s5\s0\\s2\\s0\\s5\s0\\s0.5\\s5\s0\\s2\\s0\\s5\s0\\s2\\s0\\s5\s0\\s2\\s0\\s5\s0\\s2\\s0\\s5\s0\\s2\\s0\\s5\s0\\s2\\s0\\s5\s0\\s0.5\\s5\s0\\s2\\s0\\s5\s0\\s2\\s0\\s5\s0\\s2\\s0\\s5\s0\\s2\\s0\\s5\s0\\s0.5\\s5\s0\\s2\\s0\\s5\s0\\s2\\s0\\s5\s0\\s2\\s0\\s5\s0\\s2\\s0\\s5\s0\\s2\\s0\\s5\s0\\s2\\s0\\s5\s0\\s0.5\\s5\s0\\s2\\s0\\s5\s0\\s2\\s0\\s5\s0\\s2\\s0\\s5\s0\\s2\\s0\\s5\s0\\s0.5\\s5\s0\\s2\\s0\\s5\s0\\s2\\s0\\s5\s0\\s2\\s0\\s5\s0\\s2\\s0\\s5\s0\\s2\\s0\\s5\s0\\s2\\s0\\s5\s0\\s0.5\\s5\s0\\s2\\s0\\s5\s0\\s2\\s0\\s5
410 -576 -208 -560 -208 1 Bidirectional\s\p\senable 0\s2\s0\s5 0\s2\s0\s5 0\s0.5\s5 0\s2\s0\s5 0\s2\s0\s5 0\s2\s0\s5 0\s2\s0\s5 0\s2\s0\s5 0\s2\s0\s5 0\s0.5\s5 0\s2\s0\s5 0\s2\s0\s5 0\s2\s0\s5 0\s2\s0\s5 0\s0.5\s5 0\s2\s0\s5 0\s2\s0\s5 0\s2\s0\s5 0\s2\s0\s5 0\s2\s0\s5 0\s2\s0\s5 0\s0.5\s5 0\s2\s0\s5 0\s2\s0\s5 0\s2\s0\s5 0\s2\s0\s5 0\s0.5\s5 0\s2\s0\s5 0\s2\s0\s5 0\s2\s0\s5 0\s2\s0\s5 0\s2\s0\s5 0\s2\s0\s5 0\s0.5\s5 0\s2\s0\s5 0\s2\s0\s5 0\s2\s0\s5 0\s2\s0\s5 0\s0.5\s5 0\s2\s0\s5 0\s2\s0\s5 0\s2\s0\s5 0\s2\s0\s5 0\s2\s0\s5 0\s2\s0\s5 0\s0.5\s5 0\s2\s0\s5 0\s2\s0\s5 0\s2\s0\s5 0\s2\s0\s5 0\s0.5\s5 0\s2\s0\s5 0\s2\s0\s5 0\s2\s0\s5 0\s2\s0\s5 0\s2\s0\s5 0\s2\s0\s5 0\s0.5\s5 0\s2\s0\s5 0\s2\s0\s5 0\s2\s0\s5 0\s2\s0\s5 0\s0.5\s5 0\s2\s0\s5 0\s2\s0\s5 0\s2\s0\s5 0\s2\s0\s5 0\s2\s0\s5 0\s2\s0\s5 0\s0.5\s5 0\s2\s0\s5 0\s2\s0\s5 0\s2\s0\s5 0\s2\s0\s5 0\s0.5\s5 0\s2\s0\s5 0\s2\s0\s5 0\s2\s0\s5 0\s2\s0\s5 0\s2\s0\s5 0\s2\s0\s5 0\s0.5\s5 0\s2\s0\s5 0\s2\s0\s5 0\s2\s0\s5 0\s2\s0\s5 0\s0.5\s5 0\s2\s0\s5 0\s2\s0\s5 0\s2\s0\s5 0\s2\s0\s5 0\s2\s0\s5 0\s2\s0\s5 0\s0.5\s5 0\s2\s0\s5 0\s2\s0\s5
. subtract 0 2 17 33 I0 1 16 2 I1 10 15 2 I10 68 6 2 I11 63 5 2 I12 43 4 2 I13 50 3 2 I14 55 2 2 I15 60 1 2 I2 15 14 2 I3 20 13 2 I4 40 12 2 I5 33 11 2 I6 28 10 2 I7 23 9 2 I8 80 8 2 I9 73 7 2 O0 5 16 3 O1 12 15 3 O10 71 6 3 O11 66 5 3 O12 46 4 3 O13 52 3 3 O14 57 2 3 O15 62 1 3 O2 17 13 3 O3 22 14 3 O4 42 12 3 O5 36 11 3 O6 31 10 3 O7 26 9 3 O8 82 8 3 O9 76 7 3 subtract 6 0 0 AndGateElm\s1\s2\s3\rOrGateElm\s3\s4\s5\rInverterElm\s1\s7\rAndGateElm\s7\s6\s4\rAndGateElm\s8\s6\s9\rInverterElm\s10\s8\rOrGateElm\s11\s9\s12\rAndGateElm\s10\s2\s11\rAndGateElm\s13\s6\s14\rInverterElm\s15\s13\rOrGateElm\s16\s14\s17\rAndGateElm\s15\s2\s16\rAndGateElm\s18\s6\s19\rInverterElm\s20\s18\rOrGateElm\s21\s19\s22\rAndGateElm\s20\s2\s21\rAndGateElm\s23\s2\s24\rOrGateElm\s24\s25\s26\rInverterElm\s23\s27\rAndGateElm\s27\s6\s25\rAndGateElm\s28\s2\s29\rOrGateElm\s29\s30\s31\rInverterElm\s28\s32\rAndGateElm\s32\s6\s30\rAndGateElm\s33\s2\s34\rOrGateElm\s34\s35\s36\rInverterElm\s33\s37\rAndGateElm\s37\s6\s35\rAndGateElm\s38\s6\s39\rInverterElm\s40\s38\rOrGateElm\s41\s39\s42\rAndGateElm\s40\s2\s41\rAndGateElm\s43\s2\s44\rOrGateElm\s44\s45\s46\rInverterElm\s43\s47\rAndGateElm\s47\s6\s45\rAndGateElm\s48\s6\s49\rInverterElm\s50\s48\rOrGateElm\s51\s49\s52\rAndGateElm\s50\s2\s51\rAndGateElm\s53\s6\s54\rInverterElm\s55\s53\rOrGateElm\s56\s54\s57\rAndGateElm\s55\s2\s56\rAndGateElm\s58\s6\s59\rInverterElm\s60\s58\rOrGateElm\s61\s59\s62\rAndGateElm\s60\s2\s61\rAndGateElm\s63\s2\s64\rOrGateElm\s64\s65\s66\rInverterElm\s63\s67\rAndGateElm\s67\s6\s65\rAndGateElm\s68\s2\s69\rOrGateElm\s69\s70\s71\rInverterElm\s68\s72\rAndGateElm\s72\s6\s70\rAndGateElm\s73\s2\s74\rOrGateElm\s74\s75\s76\rInverterElm\s73\s77\rAndGateElm\s77\s6\s75\rAndGateElm\s78\s6\s79\rInverterElm\s80\s78\rOrGateElm\s81\s79\s82\rAndGateElm\s80\s2\s81\rInverterElm\s6\s2 0\\s2\\s0\\s5\s0\\s2\\s0\\s5\s0\\s0.5\\s5\s0\\s2\\s0\\s5\s0\\s2\\s0\\s5\s0\\s0.5\\s5\s0\\s2\\s0\\s5\s0\\s2\\s0\\s5\s0\\s2\\s0\\s5\s0\\s0.5\\s5\s0\\s2\\s0\\s5\s0\\s2\\s0\\s5\s0\\s2\\s0\\s5\s0\\s0.5\\s5\s0\\s2\\s0\\s5\s0\\s2\\s0\\s5\s0\\s2\\s0\\s5\s0\\s2\\s0\\s5\s0\\s0.5\\s5\s0\\s2\\s0\\s5\s0\\s2\\s0\\s5\s0\\s2\\s0\\s5\s0\\s0.5\\s5\s0\\s2\\s0\\s5\s0\\s2\\s0\\s5\s0\\s2\\s0\\s5\s0\\s0.5\\s5\s0\\s2\\s0\\s5\s0\\s2\\s0\\s5\s0\\s0.5\\s5\s0\\s2\\s0\\s5\s0\\s2\\s0\\s5\s0\\s2\\s0\\s5\s0\\s2\\s0\\s5\s0\\s0.5\\s5\s0\\s2\\s0\\s5\s0\\s2\\s0\\s5\s0\\s0.5\\s5\s0\\s2\\s0\\s5\s0\\s2\\s0\\s5\s0\\s2\\s0\\s5\s0\\s0.5\\s5\s0\\s2\\s0\\s5\s0\\s2\\s0\\s5\s0\\s2\\s0\\s5\s0\\s0.5\\s5\s0\\s2\\s0\\s5\s0\\s2\\s0\\s5\s0\\s2\\s0\\s5\s0\\s2\\s0\\s5\s0\\s0.5\\s5\s0\\s2\\s0\\s5\s0\\s2\\s0\\s5\s0\\s2\\s0\\s5\s0\\s0.5\\s5\s0\\s2\\s0\\s5\s0\\s2\\s0\\s5\s0\\s2\\s0\\s5\s0\\s0.5\\s5\s0\\s2\\s0\\s5\s0\\s2\\s0\\s5\s0\\s0.5\\s5\s0\\s2\\s0\\s5\s0\\s2\\s0\\s5\s0\\s0.5\\s5
410 1968 -656 2016 -640 1 subtract 0\s2\s0\s5 0\s2\s0\s5 0\s0.5\s5 0\s2\s0\s5 0\s2\s0\s5 0\s0.5\s5 0\s2\s0\s5 0\s2\s0\s5 0\s2\s0\s5 0\s0.5\s5 0\s2\s0\s5 0\s2\s0\s5 0\s2\s0\s5 0\s0.5\s5 0\s2\s0\s5 0\s2\s0\s5 0\s2\s0\s5 0\s2\s0\s5 0\s0.5\s5 0\s2\s0\s5 0\s2\s0\s5 0\s2\s0\s5 0\s0.5\s5 0\s2\s0\s5 0\s2\s0\s5 0\s2\s0\s5 0\s0.5\s5 0\s2\s0\s5 0\s2\s0\s5 0\s0.5\s5 0\s2\s0\s5 0\s2\s0\s5 0\s2\s0\s5 0\s2\s0\s5 0\s0.5\s5 0\s2\s0\s5 0\s2\s0\s5 0\s0.5\s5 0\s2\s0\s5 0\s2\s0\s5 0\s2\s0\s5 0\s0.5\s5 0\s2\s0\s5 0\s2\s0\s5 0\s2\s0\s5 0\s0.5\s5 0\s2\s0\s5 0\s2\s0\s5 0\s2\s0\s5 0\s2\s0\s5 0\s0.5\s5 0\s2\s0\s5 0\s2\s0\s5 0\s2\s0\s5 0\s0.5\s5 0\s2\s0\s5 0\s2\s0\s5 0\s2\s0\s5 0\s0.5\s5 0\s2\s0\s5 0\s2\s0\s5 0\s0.5\s5 0\s2\s0\s5 0\s2\s0\s5 0\s0.5\s5
410 1776 -720 1808 -720 1 subtract 0\s2\s0\s5 0\s2\s0\s5 0\s0.5\s5 0\s2\s0\s5 0\s2\s0\s5 0\s0.5\s5 0\s2\s0\s5 0\s2\s0\s5 0\s2\s0\s5 0\s0.5\s5 0\s2\s0\s5 0\s2\s0\s5 0\s2\s0\s5 0\s0.5\s5 0\s2\s0\s5 0\s2\s0\s5 0\s2\s0\s5 0\s2\s0\s5 0\s0.5\s5 0\s2\s0\s5 0\s2\s0\s5 0\s2\s0\s5 0\s0.5\s5 0\s2\s0\s5 0\s2\s0\s5 0\s2\s0\s5 0\s0.5\s5 0\s2\s0\s5 0\s2\s0\s5 0\s0.5\s5 0\s2\s0\s5 0\s2\s0\s5 0\s2\s0\s5 0\s2\s0\s5 0\s0.5\s5 0\s2\s0\s5 0\s2\s0\s5 0\s0.5\s5 0\s2\s0\s5 0\s2\s0\s5 0\s2\s0\s5 0\s0.5\s5 0\s2\s0\s5 0\s2\s0\s5 0\s2\s0\s5 0\s0.5\s5 0\s2\s0\s5 0\s2\s0\s5 0\s2\s0\s5 0\s2\s0\s5 0\s0.5\s5 0\s2\s0\s5 0\s2\s0\s5 0\s2\s0\s5 0\s0.5\s5 0\s2\s0\s5 0\s2\s0\s5 0\s2\s0\s5 0\s0.5\s5 0\s2\s0\s5 0\s2\s0\s5 0\s0.5\s5 0\s2\s0\s5 0\s2\s0\s5 0\s0.5\s5
196 1872 -688 1952 -688 2 16
w 624 -208 880 -208 0
w 624 -688 640 -688 0
w 624 -656 656 -656 0
w 624 -624 672 -624 0
w 624 -592 688 -592 0
w 624 -560 704 -560 0
w 624 -528 720 -528 0
w 624 -496 736 -496 0
w 624 -464 752 -464 0
w 624 -432 768 -432 0
w 624 -400 784 -400 0
w 624 -368 800 -368 0
w 624 -336 816 -336 0
w 624 -304 832 -304 0
w 624 -272 848 -272 0
w 624 -240 864 -240 0
w 912 -240 1152 -240 0
w 880 -208 880 -1024 0
w 1136 -1008 384 -1008 0
w 368 -992 1120 -992 0
w 1104 -976 352 -976 0
w 336 -960 1088 -960 0
w 272 -896 1024 -896 0
w 1040 -912 288 -912 0
w 304 -928 1056 -928 0
w 1072 -944 320 -944 0
w 944 -816 192 -816 0
w 176 -800 928 -800 0
w 912 -784 160 -784 0
w 144 -768 896 -768 0
w 208 -832 960 -832 0
w 976 -848 224 -848 0
w 240 -864 992 -864 0
w 1008 -880 256 -880 0
w 880 -1024 1520 -1024 0
w 1520 -1024 1520 304 0
w 864 -240 864 -1040 0
w 848 -272 848 -1056 0
w 832 -304 832 -1072 0
w 816 -336 816 -1088 0
w 800 -368 800 -1104 0
w 784 -400 784 -1120 0
w 768 -432 768 -1136 0
w 752 -464 752 -1152 0
w 736 -496 736 -1168 0
w 720 -528 720 -1184 0
w 704 -560 704 -1200 0
w 688 -592 688 -1216 0
w 672 -624 672 -1232 0
w 656 -656 656 -1248 0
w 640 -688 640 -1264 0
w 864 -1040 1536 -1040 0
w 848 -1056 1552 -1056 0
w 832 -1072 1568 -1072 0
w 816 -1088 1584 -1088 0
w 800 -1104 1600 -1104 0
w 784 -1120 1616 -1120 0
w 768 -1136 1632 -1136 0
w 752 -1152 1648 -1152 0
w 736 -1168 1664 -1168 0
w 720 -1184 1680 -1184 0
w 704 -1200 1696 -1200 0
w 688 -1216 1712 -1216 0
w 672 -1232 1728 -1232 0
w 656 -1248 1744 -1248 0
w 640 -1264 1760 -1264 0
w 1536 -1040 1536 272 0
w 1552 -1056 1552 240 0
w 1568 -1072 1568 208 0
w 1584 -1088 1584 176 0
w 1600 -1104 1600 144 0
w 1616 -1120 1616 112 0
w 1632 -1136 1632 80 0
w 1760 -1264 1760 -176 0
w 1744 -1248 1744 -144 0
w 1728 -1232 1728 -112 0
w 1712 -1216 1712 -80 0
w 1696 -1200 1696 -48 0
w 1680 -1184 1680 -16 0
w 1664 -1168 1664 16 0
w 1648 -1152 1648 48 0
w 1376 -208 1776 -208 0
w 1776 -240 1376 -240 0
w 1376 -272 1776 -272 0
w 1776 -304 1376 -304 0
w 1376 -336 1776 -336 0
w 1776 -368 1376 -368 0
w 1376 -400 1776 -400 0
w 1776 -432 1376 -432 0
w 1776 -688 1376 -688 0
w 1376 -656 1776 -656 0
w 1776 -624 1376 -624 0
w 1376 -592 1776 -592 0
w 1776 -560 1376 -560 0
w 1376 -528 1776 -528 0
w 1776 -496 1376 -496 0
w 1376 -464 1776 -464 0
w 1872 -176 1760 -176 0
w 1872 -144 1744 -144 0
w 1872 -112 1728 -112 0
w 1872 -80 1712 -80 0
w 1872 -48 1696 -48 0
w 1872 -16 1680 -16 0
w 1872 16 1664 16 0
w 1872 48 1648 48 0
w 1872 80 1632 80 0
w 1872 112 1616 112 0
w 1872 144 1600 144 0
w 1872 176 1584 176 0
w 1872 208 1568 208 0
w 1872 240 1552 240 0
w 1872 272 1536 272 0
w 1872 304 1520 304 0
w 512 368 1264 368 0
w 1280 384 528 384 0
w 544 400 1296 400 0
w 1312 416 560 416 0
w 1376 480 624 480 0
w 608 464 1360 464 0
w 1344 448 592 448 0
w 576 432 1328 432 0
w 704 560 1456 560 0
w 1472 576 720 576 0
w 736 592 1488 592 0
w 1504 608 752 608 0
w 1440 544 688 544 0
w 672 528 1424 528 0
w 1408 512 656 512 0
w 640 496 1392 496 0
w 2320 864 2320 -144 0
w 2304 -176 2336 -176 0
w 2352 -208 2288 -208 0
w 2272 -240 2368 -240 0
w 2384 -272 2256 -272 0
w 2240 -304 2400 -304 0
w 2416 -336 2224 -336 0
w 2208 -368 2432 -368 0
w 2448 -400 2176 -400 0
w 2160 -432 2464 -432 0
w 2480 -464 2144 -464 0
w 2128 -496 2496 -496 0
w 2512 -528 2112 -528 0
w 2096 -560 2528 -560 0
w 2544 -592 2080 -592 0
w 2064 -624 2560 -624 0
w 2192 -768 2192 -816 0
w 2320 -144 2064 -144 0
w 2064 -176 2304 -176 0
w 2288 -208 2064 -208 0
w 2064 -240 2272 -240 0
w 2256 -272 2064 -272 0
w 2064 -304 2240 -304 0
w 2224 -336 2064 -336 0
w 2064 -368 2208 -368 0
w 2176 -400 2064 -400 0
w 2064 -432 2160 -432 0
w 2144 -464 2064 -464 0
w 2064 -496 2128 -496 0
w 2112 -528 2064 -528 0
w 2064 -560 2096 -560 0
w 2080 -592 2064 -592 0
w 2320 -688 2320 -144 0
w 2304 -688 2304 -176 0
w 2288 -688 2288 -208 0
w 2272 -688 2272 -240 0
w 2256 -688 2256 -272 0
w 2240 -688 2240 -304 0
w 2224 -688 2224 -336 0
w 2208 -688 2208 -368 0
w 2176 -688 2176 -400 0
w 2160 -688 2160 -432 0
w 2144 -688 2144 -464 0
w 2128 -688 2128 -496 0
w 2112 -688 2112 -528 0
w 2096 -688 2096 -560 0
w 2080 -688 2080 -592 0
w 2064 -624 2064 -688 0
152 2192 -688 2192 -768 0 16 0 5
w 2048 -784 2048 -1312 0
w 2032 -784 2048 -784 0
w 2032 -704 2032 -848 0
w 2032 -816 2192 -816 0
168 1936 -848 1968 -848 1026 2 0 0
w 2032 -704 1968 -704 0
w 1968 -704 1968 -688 0
w 2000 -688 2000 -752 0
w 2000 -752 1808 -752 0
w -480 864 2320 864 0
w 2336 -176 2336 848 0
w 2352 -208 2352 832 0
w 2368 -240 2368 816 0
w 2384 -272 2384 800 0
w 2400 -304 2400 784 0
w 2416 -336 2416 768 0
w 2432 -368 2432 752 0
w 2448 -400 2448 736 0
w 2464 -432 2464 720 0
w 2480 -464 2480 704 0
w 2496 -496 2496 688 0
w 2512 -528 2512 672 0
w 2528 -560 2528 656 0
w 2544 -592 2544 640 0
w 2560 -624 2560 624 0
w -464 848 2336 848 0
w 2352 832 -448 832 0
w -432 816 2368 816 0
w 2384 800 -416 800 0
w -400 784 2400 784 0
w 2416 768 -384 768 0
w -368 752 2432 752 0
w -240 624 2560 624 0
w 2544 640 -256 640 0
w -272 656 2528 656 0
w 2512 672 -288 672 0
w -304 688 2496 688 0
w 2480 704 -320 704 0
w -336 720 2464 720 0
w -352 736 2448 736 0
w -640 1072 -640 1520 0
w -864 1072 -864 -1424 0
w -864 1072 -640 1072 0
. IAR 0 5 13 26 clock 9 1 1 I0 14 0 3 I1 19 1 3 I10 138 10 3 I11 159 11 3 I2 33 2 3 I3 54 3 3 I4 87 4 3 I5 108 5 3 I6 60 6 3 I7 59 7 3 I8 112 8 3 I9 111 9 3 jump\smode 56 3 1 O0 4 0 2 O1 18 1 2 O10 136 10 2 O11 150 11 2 O2 31 2 2 O3 45 3 2 O4 85 4 2 O5 99 5 2 O6 57 6 2 O7 58 7 2 O8 109 8 2 O9 110 9 2 OrGateElm\s4\s5\s3\rAndGateElm\s3\s6\s4\rInverterElm\s1\s7\rAndGateElm\s1\s2\s5\rNandGateElm\s7\s2\s6\rNandGateElm\s8\s9\s10\rAndGateElm\s11\s9\s12\rInverterElm\s11\s8\rAndGateElm\s13\s10\s1\rOrGateElm\s1\s12\s13\rFullAdderElm\s4\s14\s11\s15\s16\rFullAdderElm\s18\s19\s17\s16\s20\rOrGateElm\s21\s23\s22\rAndGateElm\s22\s24\s21\rInverterElm\s17\s25\rAndGateElm\s17\s9\s23\rNandGateElm\s25\s9\s24\rNandGateElm\s26\s2\s27\rAndGateElm\s21\s2\s28\rInverterElm\s21\s26\rAndGateElm\s29\s27\s18\rOrGateElm\s18\s28\s29\rFullAdderElm\s31\s33\s32\s20\s30\rOrGateElm\s34\s36\s35\rAndGateElm\s35\s37\s34\rInverterElm\s32\s38\rAndGateElm\s32\s9\s36\rNandGateElm\s38\s9\s37\rNandGateElm\s39\s2\s40\rAndGateElm\s34\s2\s41\rInverterElm\s34\s39\rAndGateElm\s42\s40\s31\rOrGateElm\s31\s41\s42\rOrGateElm\s45\s46\s44\rAndGateElm\s44\s47\s45\rInverterElm\s43\s48\rAndGateElm\s43\s2\s46\rNandGateElm\s48\s2\s47\rNandGateElm\s49\s9\s50\rAndGateElm\s51\s9\s52\rInverterElm\s51\s49\rAndGateElm\s53\s50\s43\rOrGateElm\s43\s52\s53\rFullAdderElm\s45\s54\s51\s30\s55\rInverterElm\s9\s2\rInverterElm\s56\s15\rFullAdderElm\s58\s59\s61\s62\s63\rOrGateElm\s64\s66\s65\rAndGateElm\s65\s67\s64\rInverterElm\s61\s68\rAndGateElm\s61\s9\s66\rNandGateElm\s68\s9\s67\rNandGateElm\s69\s2\s70\rAndGateElm\s64\s2\s71\rInverterElm\s64\s69\rAndGateElm\s72\s70\s58\rOrGateElm\s58\s71\s72\rOrGateElm\s57\s75\s74\rAndGateElm\s74\s76\s57\rInverterElm\s73\s77\rAndGateElm\s73\s2\s75\rNandGateElm\s77\s2\s76\rNandGateElm\s78\s9\s79\rAndGateElm\s80\s9\s81\rInverterElm\s80\s78\rAndGateElm\s82\s79\s73\rOrGateElm\s73\s81\s82\rFullAdderElm\s57\s60\s80\s83\s62\rFullAdderElm\s85\s87\s86\s55\s84\rOrGateElm\s88\s90\s89\rAndGateElm\s89\s91\s88\rInverterElm\s86\s92\rAndGateElm\s86\s9\s90\rNandGateElm\s92\s9\s91\rNandGateElm\s93\s2\s94\rAndGateElm\s88\s2\s95\rInverterElm\s88\s93\rAndGateElm\s96\s94\s85\rOrGateElm\s85\s95\s96\rOrGateElm\s99\s100\s98\rAndGateElm\s98\s101\s99\rInverterElm\s97\s102\rAndGateElm\s97\s2\s100\rNandGateElm\s102\s2\s101\rNandGateElm\s103\s9\s104\rAndGateElm\s105\s9\s106\rInverterElm\s105\s103\rAndGateElm\s107\s104\s97\rOrGateElm\s97\s106\s107\rFullAdderElm\s99\s108\s105\s84\s83\rFullAdderElm\s110\s111\s113\s114\s115\rOrGateElm\s116\s118\s117\rAndGateElm\s117\s119\s116\rInverterElm\s113\s120\rAndGateElm\s113\s9\s118\rNandGateElm\s120\s9\s119\rNandGateElm\s121\s2\s122\rAndGateElm\s116\s2\s123\rInverterElm\s116\s121\rAndGateElm\s124\s122\s110\rOrGateElm\s110\s123\s124\rOrGateElm\s109\s127\s126\rAndGateElm\s126\s128\s109\rInverterElm\s125\s129\rAndGateElm\s125\s2\s127\rNandGateElm\s129\s2\s128\rNandGateElm\s130\s9\s131\rAndGateElm\s132\s9\s133\rInverterElm\s132\s130\rAndGateElm\s134\s131\s125\rOrGateElm\s125\s133\s134\rFullAdderElm\s109\s112\s132\s63\s114\rFullAdderElm\s136\s138\s137\s115\s135\rOrGateElm\s139\s141\s140\rAndGateElm\s140\s142\s139\rInverterElm\s137\s143\rAndGateElm\s137\s9\s141\rNandGateElm\s143\s9\s142\rNandGateElm\s144\s2\s145\rAndGateElm\s139\s2\s146\rInverterElm\s139\s144\rAndGateElm\s147\s145\s136\rOrGateElm\s136\s146\s147\rOrGateElm\s150\s151\s149\rAndGateElm\s149\s152\s150\rInverterElm\s148\s153\rAndGateElm\s148\s2\s151\rNandGateElm\s153\s2\s152\rNandGateElm\s154\s9\s155\rAndGateElm\s156\s9\s157\rInverterElm\s156\s154\rAndGateElm\s158\s155\s148\rOrGateElm\s148\s157\s158\rFullAdderElm\s150\s159\s156\s135\s160 0\\s2\\s0\\s5\s0\\s2\\s0\\s5\s0\\s0.5\\s5\s0\\s2\\s0\\s5\s0\\s2\\s0\\s5\s0\\s2\\s0\\s5\s0\\s2\\s0\\s5\s0\\s0.5\\s5\s0\\s2\\s0\\s5\s0\\s2\\s0\\s5\s3074\\s1\s3074\\s1\s0\\s2\\s0\\s5\s0\\s2\\s0\\s5\s0\\s0.5\\s5\s0\\s2\\s0\\s5\s0\\s2\\s0\\s5\s0\\s2\\s0\\s5\s0\\s2\\s0\\s5\s0\\s0.5\\s5\s0\\s2\\s0\\s5\s0\\s2\\s0\\s5\s3074\\s1\s0\\s2\\s0\\s5\s0\\s2\\s0\\s5\s0\\s0.5\\s5\s0\\s2\\s0\\s5\s0\\s2\\s0\\s5\s0\\s2\\s0\\s5\s0\\s2\\s0\\s5\s0\\s0.5\\s5\s0\\s2\\s0\\s5\s0\\s2\\s0\\s5\s0\\s2\\s0\\s5\s0\\s2\\s0\\s5\s0\\s0.5\\s5\s0\\s2\\s0\\s5\s0\\s2\\s0\\s5\s0\\s2\\s0\\s5\s0\\s2\\s0\\s5\s0\\s0.5\\s5\s0\\s2\\s0\\s5\s0\\s2\\s0\\s5\s3074\\s1\s0\\s0.5\\s5\s0\\s0.5\\s5\s3074\\s1\s0\\s2\\s0\\s5\s0\\s2\\s0\\s5\s0\\s0.5\\s5\s0\\s2\\s0\\s5\s0\\s2\\s0\\s5\s0\\s2\\s0\\s5\s0\\s2\\s0\\s5\s0\\s0.5\\s5\s0\\s2\\s0\\s5\s0\\s2\\s0\\s5\s0\\s2\\s0\\s5\s0\\s2\\s0\\s5\s0\\s0.5\\s5\s0\\s2\\s0\\s5\s0\\s2\\s0\\s5\s0\\s2\\s0\\s5\s0\\s2\\s0\\s5\s0\\s0.5\\s5\s0\\s2\\s0\\s5\s0\\s2\\s0\\s5\s3074\\s1\s3074\\s1\s0\\s2\\s0\\s5\s0\\s2\\s0\\s5\s0\\s0.5\\s5\s0\\s2\\s0\\s5\s0\\s2\\s0\\s5\s0\\s2\\s0\\s5\s0\\s2\\s0\\s5\s0\\s0.5\\s5\s0\\s2\\s0\\s5\s0\\s2\\s0\\s5\s0\\s2\\s0\\s5\s0\\s2\\s0\\s5\s0\\s0.5\\s5\s0\\s2\\s0\\s5\s0\\s2\\s0\\s5\s0\\s2\\s0\\s5\s0\\s2\\s0\\s5\s0\\s0.5\\s5\s0\\s2\\s0\\s5\s0\\s2\\s0\\s5\s3074\\s1\s3074\\s1\s0\\s2\\s0\\s5\s0\\s2\\s0\\s5\s0\\s0.5\\s5\s0\\s2\\s0\\s5\s0\\s2\\s0\\s5\s0\\s2\\s0\\s5\s0\\s2\\s0\\s5\s0\\s0.5\\s5\s0\\s2\\s0\\s5\s0\\s2\\s0\\s5\s0\\s2\\s0\\s5\s0\\s2\\s0\\s5\s0\\s0.5\\s5\s0\\s2\\s0\\s5\s0\\s2\\s0\\s5\s0\\s2\\s0\\s5\s0\\s2\\s0\\s5\s0\\s0.5\\s5\s0\\s2\\s0\\s5\s0\\s2\\s0\\s5\s3074\\s1\s3074\\s1\s0\\s2\\s0\\s5\s0\\s2\\s0\\s5\s0\\s0.5\\s5\s0\\s2\\s0\\s5\s0\\s2\\s0\\s5\s0\\s2\\s0\\s5\s0\\s2\\s0\\s5\s0\\s0.5\\s5\s0\\s2\\s0\\s5\s0\\s2\\s0\\s5\s0\\s2\\s0\\s5\s0\\s2\\s0\\s5\s0\\s0.5\\s5\s0\\s2\\s0\\s5\s0\\s2\\s0\\s5\s0\\s2\\s0\\s5\s0\\s2\\s0\\s5\s0\\s0.5\\s5\s0\\s2\\s0\\s5\s0\\s2\\s0\\s5\s3074\\s1
410 -848 1104 -736 1152 1 IAR 0\s2\s0\s5 0\s2\s0\s5 0\s0.5\s5 0\s2\s0\s5 0\s2\s0\s5 0\s2\s5\s5 0\s2\s0\s5 0\s0.5\s5 0\s2\s0\s5 0\s2\s0\s5 3074\s1 3074\s1 0\s2\s0\s5 0\s2\s0\s5 0\s0.5\s5 0\s2\s0\s5 0\s2\s5\s5 0\s2\s0\s5 0\s2\s0\s5 0\s0.5\s5 0\s2\s0\s5 0\s2\s0\s5 3074\s1 0\s2\s0\s5 0\s2\s0\s5 0\s0.5\s5 0\s2\s0\s5 0\s2\s5\s5 0\s2\s0\s5 0\s2\s0\s5 0\s0.5\s5 0\s2\s0\s5 0\s2\s0\s5 0\s2\s0\s5 0\s2\s0\s5 0\s0.5\s5 0\s2\s0\s5 0\s2\s0\s5 0\s2\s5\s5 0\s2\s0\s5 0\s0.5\s5 0\s2\s0\s5 0\s2\s0\s5 3074\s1 0\s0.5\s5 0\s0.5\s5 3074\s1 0\s2\s0\s5 0\s2\s0\s5 0\s0.5\s5 0\s2\s0\s5 0\s2\s5\s5 0\s2\s0\s5 0\s2\s0\s5 0\s0.5\s5 0\s2\s0\s5 0\s2\s0\s5 0\s2\s0\s5 0\s2\s0\s5 0\s0.5\s5 0\s2\s0\s5 0\s2\s0\s5 0\s2\s5\s5 0\s2\s0\s5 0\s0.5\s5 0\s2\s0\s5 0\s2\s0\s5 3074\s1 3074\s1 0\s2\s0\s5 0\s2\s0\s5 0\s0.5\s5 0\s2\s0\s5 0\s2\s5\s5 0\s2\s0\s5 0\s2\s0\s5 0\s0.5\s5 0\s2\s0\s5 0\s2\s0\s5 0\s2\s0\s5 0\s2\s0\s5 0\s0.5\s5 0\s2\s0\s5 0\s2\s0\s5 0\s2\s5\s5 0\s2\s0\s5 0\s0.5\s5 0\s2\s0\s5 0\s2\s0\s5 3074\s1 3074\s1 0\s2\s0\s5 0\s2\s0\s5 0\s0.5\s5 0\s2\s0\s5 0\s2\s5\s5 0\s2\s0\s5 0\s2\s0\s5 0\s0.5\s5 0\s2\s0\s5 0\s2\s0\s5 0\s2\s0\s5 0\s2\s0\s5 0\s0.5\s5 0\s2\s0\s5 0\s2\s0\s5 0\s2\s5\s5 0\s2\s0\s5 0\s0.5\s5 0\s2\s0\s5 0\s2\s0\s5 3074\s1 3074\s1 0\s2\s0\s5 0\s2\s0\s5 0\s0.5\s5 0\s2\s0\s5 0\s2\s5\s5 0\s2\s0\s5 0\s2\s0\s5 0\s0.5\s5 0\s2\s0\s5 0\s2\s0\s5 0\s2\s0\s5 0\s2\s0\s5 0\s0.5\s5 0\s2\s0\s5 0\s2\s0\s5 0\s2\s5\s5 0\s2\s0\s5 0\s0.5\s5 0\s2\s0\s5 0\s2\s0\s5 3074\s1
w -640 1520 -720 1520 0
w -784 1520 -880 1520 0
w -880 1520 -880 -1440 0
w -656 1104 -624 1104 0
w -624 1056 144 1056 0
w -608 1040 160 1040 0
w -624 1056 -624 1104 0
w -608 1040 -608 1136 0
w -592 1024 176 1024 0
w -592 1024 -592 1168 0
w -576 1008 192 1008 0
w -576 1008 -576 1200 0
w -560 992 208 992 0
w -560 992 -560 1232 0
w -544 976 224 976 0
w -544 976 -544 1264 0
w -528 960 240 960 0
w -528 960 -528 1296 0
w -512 944 256 944 0
w -512 944 -512 1328 0
w -496 928 272 928 0
w -480 912 288 912 0
w -496 928 -496 1360 0
w -480 912 -480 1392 0
w -464 896 304 896 0
w -464 896 -464 1424 0
w -448 880 320 880 0
w -448 880 -448 1456 0
w -448 1456 -656 1456 0
w -656 1424 -464 1424 0
w -608 1136 -656 1136 0
w -656 1168 -592 1168 0
w -576 1200 -656 1200 0
w -656 1232 -560 1232 0
w -544 1264 -656 1264 0
w -656 1296 -528 1296 0
w -512 1328 -656 1328 0
w -656 1360 -496 1360 0
w -480 1392 -656 1392 0
w -848 1104 -896 1104 0
w -896 1104 -896 304 0
w -896 304 -848 304 0
w -848 272 -912 272 0
w -848 240 -928 240 0
w -848 208 -944 208 0
w -848 176 -960 176 0
w -848 144 -976 144 0
w -848 112 -992 112 0
w -848 80 -1008 80 0
w -848 48 -1024 48 0
w -848 16 -1040 16 0
w -848 -16 -1056 -16 0
w -848 -48 -1072 -48 0
w -848 1136 -912 1136 0
w -848 1168 -928 1168 0
w -848 1200 -944 1200 0
w -848 1232 -960 1232 0
w -848 1264 -976 1264 0
w -848 1296 -992 1296 0
w -848 1328 -1008 1328 0
w -848 1360 -1024 1360 0
w -848 1392 -1040 1392 0
w -848 1424 -1056 1424 0
w -848 1456 -1072 1456 0
w -912 272 -912 1136 0
w -928 1168 -928 240 0
w -944 208 -944 1200 0
w -960 1232 -960 176 0
w -976 1264 -976 144 0
w -992 112 -992 1296 0
w -1008 80 -1008 1328 0
w -1024 1360 -1024 48 0
w -1040 16 -1040 1392 0
w -1056 1424 -1056 -16 0
w -1072 -48 -1072 1456 0
I 1184 -832 1184 -752 0 0.5 5
w 1184 -832 1216 -832 0
w 1216 -832 1216 -752 0
w 464 -1104 464 -752 0
w 432 -1104 464 -1104 0
I 432 -1104 432 -1024 0 0.5 5
w 432 -1024 432 -752 0
w 1216 -832 1216 -1296 0
w 464 -1104 464 -1328 0
w -512 -304 -512 -240 0
I -576 -304 -576 -208 0 0.5 5
w -576 -304 -512 -304 0
w -512 -304 -512 -1360 0
188 1264 -2160 1296 -2160 2 4 2
188 1264 -2240 1296 -2240 2 4 1
188 1264 -2080 1296 -2080 2 4 4
188 1264 -2000 1296 -2000 2 4 8
w 1264 -2240 1264 -2160 0
w 1264 -2160 1264 -2112 0
w 1264 -2080 1264 -2000 0
w 1264 -2112 1264 -2080 0
L -1248 -1456 -1296 -1456 0 1 false 5 0
w 1936 -848 1792 -848 0
w 1792 -848 1792 -1296 0
w 1936 -816 1776 -816 0
w 1776 -816 1776 -1280 0
w 32 -1344 640 -1344 0
w -512 -1360 640 -1360 0
w -880 -1440 640 -1440 0
w 384 -1472 384 -1008 0
w 368 -992 368 -1488 0
w 352 -1504 352 -976 0
w 336 -960 336 -1504 0
w -1248 -1456 640 -1456 0
w -864 -1424 640 -1424 0
w -816 -1408 640 -1408 0
w -784 -1392 640 -1392 0
w -672 -1376 640 -1376 0
w 464 -1328 640 -1328 0
w 512 -1312 640 -1312 0
207 1488 -1904 1488 -1856 4 iar\sclock
w 1264 -2000 1264 -1904 0
207 1264 -1904 1264 -1856 4 clock
207 1584 -1904 1584 -1856 4 iar\swrite
207 1824 -1904 1824 -1856 4 temp\sto\sram\saddress
207 1696 -1904 1696 -1856 4 iar\sto\sram\saddress
207 2208 -1904 2208 -1856 4 temp\swrite
207 2336 -1904 2336 -1856 4 ram\sto\srA
207 2080 -1904 2080 -1856 4 alu\sto\sram\sio
207 1952 -1904 1952 -1856 4 ram\swrite\senable
207 2464 -1904 2464 -1856 4 rA\swrite
207 2752 -1904 2752 -1856 4 rB\swrite
207 2608 -1904 2608 -1856 4 ram\sto\srB
207 3040 -1904 3040 -1856 4 extra\sflag
207 3184 -1904 3184 -1856 4 flag\swrite
207 2896 -1904 2896 -1856 4 zero\sflag
207 1360 -2304 1312 -2304 4 0
207 1360 -2368 1312 -2368 4 1
207 1360 -2496 1312 -2496 4 3
207 1360 -2432 1312 -2432 4 2
207 1360 -2688 1312 -2688 4 6
207 1360 -2752 1312 -2752 4 7
207 1360 -2624 1312 -2624 4 5
207 1360 -2560 1312 -2560 4 4
207 1360 -3072 1312 -3072 4 12
207 1360 -3136 1312 -3136 4 13
207 1360 -3264 1312 -3264 4 15
207 1360 -3200 1312 -3200 4 14
207 1360 -2944 1312 -2944 4 10
207 1360 -3008 1312 -3008 4 11
207 1360 -2880 1312 -2880 4 9
207 1360 -2816 1312 -2816 4 8
